5 0.556640625 0.029296875 0.10078125 0.05859375
5 0.904296875 0.032421875 0.05859375 0.06484375
6 0.487890625 0.323046875 0.02578125 0.02734375
6 0.521484375 0.322265625 0.03046875 0.02265625
6 0.356640625 0.336328125 0.03515625 0.02890625
6 0.59140625 0.337109375 0.0390625 0.03984375
6 0.230078125 0.35546875 0.06953125 0.0421875
6 0.677734375 0.37578125 0.07421875 0.0609375
6 0.308984375 0.378515625 0.07734375 0.05390625
6 0.1859375 0.3890625 0.09375 0.065625
6 0.0546875 0.39921875 0.109375 0.0671875
6 0.0921875 0.46640625 0.184375 0.1265625
6 0.955078125 0.503515625 0.08828125 0.17265625
2 0.5 0.7515625 1 0.196875