5 0.0796875 0.75859375 0.025 0.0484375
5 0.22734375 0.7609375 0.0265625 0.046875
5 0.347265625 0.772265625 0.02265625 0.04765625
5 0.58828125 0.838671875 0.0265625 0.04921875
5 0.557421875 0.84140625 0.01796875 0.0328125
6 0.3484375 0.93125 0.059375 0.053125
6 0.155859375 0.94921875 0.08984375 0.0578125
6 0.26015625 0.95390625 0.1203125 0.0921875
6 0.52109375 0.958203125 0.1796875 0.08203125
6 0.046875 0.9609375 0.09375 0.0625
6 0.850390625 0.96015625 0.16015625 0.0796875
6 0.16953125 0.984375 0.1421875 0.03125