5 0.290625 0.270703125 0.01875 0.04453125
5 0.15 0.271875 0.01875 0.04375
5 0.852734375 0.369140625 0.02109375 0.06328125
5 0.7 0.38359375 0.01875 0.0421875
6 0.258203125 0.44453125 0.06015625 0.0359375
6 0.330078125 0.4453125 0.05078125 0.028125
6 0.192578125 0.4625 0.07578125 0.05625
6 0.27109375 0.47109375 0.0734375 0.0484375
6 0.125 0.478515625 0.084375 0.06015625
6 0.3578125 0.48046875 0.09375 0.0671875
6 0.81796875 0.501171875 0.1859375 0.08359375
6 0.925 0.515625 0.15 0.1
6 0.051953125 0.55703125 0.10390625 0.1171875