5 0.691015625 0.60234375 0.01328125 0.0296875
5 0.271484375 0.613671875 0.01484375 0.03046875
5 0.296484375 0.61328125 0.01484375 0.0203125
5 0.196875 0.61484375 0.015625 0.0296875
5 0.118359375 0.619921875 0.01484375 0.03046875
5 0.592578125 0.624609375 0.01640625 0.02734375
5 0.533984375 0.624609375 0.01171875 0.02421875
5 0.485546875 0.626953125 0.01171875 0.02265625
5 0.146875 0.634765625 0.0125 0.02578125
5 0.130859375 0.639453125 0.00859375 0.01640625
5 0.1 0.641796875 0.0125 0.03359375
6 0.309765625 0.720703125 0.04453125 0.03203125
6 0.57734375 0.723046875 0.0890625 0.03671875
6 0.245703125 0.722265625 0.03828125 0.03203125
6 0.678125 0.723828125 0.053125 0.04765625
6 0.166015625 0.730859375 0.08203125 0.04296875
6 0.347265625 0.734765625 0.05078125 0.04140625
6 0.07734375 0.752734375 0.0703125 0.04609375
6 0.0296875 0.77421875 0.059375 0.0671875