5 0.566015625 0.794140625 0.01640625 0.04140625
5 0.462109375 0.803515625 0.01796875 0.04140625
5 0.350390625 0.814453125 0.02578125 0.05078125
5 0.304296875 0.816015625 0.02109375 0.05390625
5 0.2609375 0.819140625 0.015625 0.03828125
6 0.44609375 0.96171875 0.0390625 0.0421875
6 0.411328125 0.9671875 0.05390625 0.04375
6 0.28984375 0.96953125 0.0546875 0.0359375
6 0.346875 0.974609375 0.053125 0.03046875
6 0.552734375 0.97578125 0.06484375 0.0484375
6 0.7734375 0.984375 0.084375 0.03125
6 0.2453125 0.983984375 0.053125 0.03046875
6 0.29296875 0.98671875 0.0703125 0.0265625