6 0.288671875 0.299609375 0.13359375 0.12734375
6 0.43359375 0.315234375 0.0515625 0.04921875
6 0.244140625 0.355859375 0.08203125 0.06796875
6 0.6234375 0.4453125 0.2 0.178125
5 0.69609375 0.173828125 0.0234375 0.04140625
5 0.2625 0.174609375 0.021875 0.04296875
5 0.158984375 0.177734375 0.02109375 0.03984375
5 0.732421875 0.179296875 0.02421875 0.06484375
5 0.06328125 0.18515625 0.0234375 0.0453125
5 0.6171875 0.196875 0.015625 0.03125
5 0.5453125 0.196484375 0.015625 0.03359375
5 0.47109375 0.19765625 0.0171875 0.0296875
5 0.165234375 0.2109375 0.02421875 0.025
5 0.108984375 0.212109375 0.01484375 0.03359375