5 0.217578125 0.665234375 0.02578125 0.04609375
5 0.09921875 0.67421875 0.0234375 0.0546875
5 0.014453125 0.67734375 0.01953125 0.0328125
5 0.62265625 0.701171875 0.0234375 0.05234375
5 0.023828125 0.7078125 0.01640625 0.03125
5 0.32734375 0.70703125 0.0171875 0.0359375
5 0.648828125 0.707421875 0.02265625 0.04296875
5 0.4125 0.71796875 0.01875 0.0359375
5 0.519140625 0.779296875 0.01953125 0.04296875
6 0.04453125 0.828515625 0.0828125 0.04765625
6 0.1296875 0.834375 0.1 0.05
6 0.28515625 0.836328125 0.1859375 0.07265625
6 0.500390625 0.842578125 0.14453125 0.06015625
6 0.9203125 0.93671875 0.159375 0.1171875