5 0.507421875 0.5453125 0.02109375 0.0375
5 0.41171875 0.546484375 0.0171875 0.03671875
5 0.694140625 0.548828125 0.01953125 0.03828125
5 0.728515625 0.58671875 0.01328125 0.0296875
5 0.878515625 0.587109375 0.01953125 0.03359375
5 0.951171875 0.590234375 0.01796875 0.03359375
6 0.07265625 0.69296875 0.1453125 0.0546875
6 0.170703125 0.701953125 0.07890625 0.03828125
6 0.493359375 0.70703125 0.06796875 0.0453125
6 0.984375 0.721484375 0.03125 0.05546875
6 0.830078125 0.72421875 0.07265625 0.0484375
6 0.576953125 0.74609375 0.10078125 0.0859375
6 0.405078125 0.770703125 0.11640625 0.09140625
6 0.65703125 0.78984375 0.1390625 0.1109375