5 0.572265625 0.305859375 0.02890625 0.06171875
5 0.655078125 0.316796875 0.02890625 0.05546875
5 0.722265625 0.326953125 0.02578125 0.05078125
5 0.767578125 0.331640625 0.02265625 0.05390625
6 0.438671875 0.371484375 0.04296875 0.04921875
6 0.291796875 0.510546875 0.14296875 0.07421875
2 0.555859375 0.52421875 0.33359375 0.0921875
6 0.191015625 0.5328125 0.19453125 0.096875
6 0.02890625 0.546484375 0.0578125 0.05859375
6 0.87421875 0.0640625 0.0890625 0.128125
6 0.459375 0.077734375 0.078125 0.12734375
6 0.65390625 0.81171875 0.6921875 0.3765625
6 0.21171875 0.11796875 0.0671875 0.1390625