5 0.083203125 0.317578125 0.02890625 0.05390625
5 0.135546875 0.338671875 0.02734375 0.04609375
5 0.7015625 0.368359375 0.0125 0.03359375
5 0.85625 0.3875 0.009375 0.0375
5 0.180078125 0.43984375 0.03203125 0.0484375
6 0.612890625 0.53203125 0.06640625 0.0515625
6 0.0625 0.56328125 0.125 0.0765625
6 0.52265625 0.59296875 0.1203125 0.1140625
6 0.753125 0.59765625 0.13125 0.1015625
2 0.134375 0.620703125 0.26875 0.10703125
2 0.49921875 0.818359375 0.9984375 0.10859375
5 0.2984375 0.162890625 0.0625 0.08203125
5 0.540625 0.165234375 0.0375 0.10859375
5 0.078515625 0.165234375 0.04140625 0.09609375