5 0.408203125 0.294140625 0.02578125 0.08203125
5 0.755859375 0.4171875 0.03046875 0.075
6 0.53359375 0.5859375 0.0984375 0.090625
6 0.137109375 0.6078125 0.11796875 0.0875
2 0.4078125 0.65390625 0.671875 0.0359375
6 0.04453125 0.681640625 0.0890625 0.25703125
2 0.37734375 0.7109375 0.5859375 0.053125
6 0.701171875 0.72265625 0.06796875 0.1515625
6 0.83359375 0.737890625 0.2203125 0.21953125
6 0.01796875 0.75 0.0359375 0.2875
6 0.891015625 0.809375 0.19140625 0.196875
6 0.9234375 0.887109375 0.153125 0.22421875