6 0.276171875 0.62265625 0.13046875 0.0609375
6 0.410546875 0.708203125 0.28046875 0.14140625
6 0.116015625 0.752734375 0.23203125 0.14609375
6 0.046875 0.84375 0.09375 0.128125
2 0.483203125 0.8453125 0.58828125 0.159375
5 0.05234375 0.530859375 0.0390625 0.13359375
5 0.548046875 0.29453125 0.05234375 0.1765625
5 0.720703125 0.2390625 0.05390625 0.128125
6 0.940625 0.61484375 0.09375 0.0515625
6 0.86484375 0.608203125 0.0859375 0.04453125
6 0.8046875 0.59921875 0.084375 0.0515625
6 0.73125 0.60078125 0.0625 0.0484375