6 0.452734375 0.2859375 0.03984375 0.046875
6 0.31171875 0.28828125 0.0328125 0.0328125
6 0.540234375 0.2890625 0.03984375 0.034375
6 0.4859375 0.29609375 0.046875 0.0484375
6 0.266015625 0.298828125 0.04453125 0.04140625
6 0.216796875 0.308984375 0.05546875 0.05859375
6 0.173828125 0.31015625 0.04453125 0.0296875
6 0.04140625 0.311328125 0.0828125 0.04140625
6 0.3375 0.348828125 0.0875 0.06953125
6 0.55390625 0.35 0.0765625 0.071875
1 0.787109375 0.381640625 0.41796875 0.38203125
6 0.040625 0.394140625 0.08125 0.12890625
5 0.394140625 0.142578125 0.01953125 0.05703125
5 0.620703125 0.1484375 0.01953125 0.046875
5 0.500390625 0.149609375 0.01953125 0.04609375